4294967294,0
4294967279,179
4294967279,178
4294967279,177
4294967279,176
4294967279,175
4294967279,173
4294967278,172
4294967279,172
4294967278,171
4294967279,171
4294967278,170
4294967278,169
4294967278,168
4294967279,167
4294967294,161
4294967294,99
4294967294,112
4294967294,167
4294967279,166
4294967294,1412
4294967294,169
4294967294,173
4294967294,1411
4294967279,165
4294967279,164
4294967279,163
4294967279,162
4294967279,161
4294967279,160
4294967279,159
4294967279,158
4294967279,157
4294967294,1420
4294967294,7
4294967294,472
4294967294,471
4294967294,480
4294967294,478
4294967294,479
4294967294,473
4294967294,81
4294967294,969
4294967294,972
4294967294,46
4294967294,5
4294967294,387
4294967294,165
4294967294,113
4294967294,183
4294967294,177
4294967294,168
4294967294,160
4294967294,162
4294967294,12
4294967294,11
4294967294,104
4294967294,106
4294967294,166
4294967294,24
4294967294,175
4294967294,176
4294967294,22
4294967294,17
4294967294,76
4294967294,43
4294967294,417
4294967294,51
4294967294,1
4294967294,25
4294967294,444
4294967294,26
4294967294,82
4294967294,83
4294967294,67
4294967294,68
4294967278,132
4294967278,131
4294967278,130
4294967278,129
4294967278,128
4294967278,127
4294967278,125
4294967278,122
4294967278,121
4294967278,120
4294967278,113
4294967278,112
4294967278,111
4294967278,110
4294967278,104
4294967278,103
4294967278,97
4294967278,93
4294967278,85
4294967278,84
4294967278,83
4294967278,76
4294967278,73
4294967278,72
4294967278,71
4294967278,70
4294967278,63
4294967278,62
4294967278,61
4294967278,55
4294967278,54
4294967279,73
4294967279,72
4294967279,71
4294967279,70
4294967279,69
4294967279,68
4294967279,67
4294967279,66
4294967279,65
4294967279,64
4294967279,63
4294967279,62
4294967279,61
4294967279,60
4294967279,59
4294967279,58
4294967279,57
4294967279,56
4294967279,55
4294967279,54
4294967279,53
4294967279,52
4294967279,51
4294967279,50
4294967279,49
4294967279,48
4294967279,47
4294967279,46
4294967279,45
4294967279,395
4294967279,42
4294967279,41
4294967279,333
4294967279,40
4294967279,39
4294967279,38
4294967279,37
4294967279,347
4294967279,36
4294967279,35
4294967279,34
4294967279,33
4294967279,32
4294967279,31
4294967279,30
4294967279,29
4294967279,28
4294967279,27
4294967279,26
4294967279,25
4294967279,24
4294967279,23
4294967279,22
4294967279,21
4294967279,20
4294967279,19
4294967279,18
4294967279,17
4294967279,16
4294967279,15
4294967279,14
4294967279,13
4294967279,12
4294967279,11
4294967279,10
4294967279,9
4294967279,8
4294967279,7
4294967279,6
4294967279,5
4294967279,4
4294967279,44
0,5
4294967279,43
4294967279,368
4294967294,6
319,4
319,3
319,2
319,1
318,4
318,3
318,2
318,1
4294967294,481
317,5
317,4
317,3
317,2
317,1
4294967278,343
316,4
316,3
316,2
316,1
315,4
315,3
315,2
315,1
4294967294,917
314,4
314,3
314,2
314,1
313,4
313,3
313,2
313,1
4294967294,1419
4294967278,340
310,6
310,5
310,4
310,3
310,2
310,1
4294967278,339
4294967294,1418
4294967278,338
4294967278,337
309,7
309,6
309,5
309,4
309,3
309,2
309,1
4294967294,1422
4294967294,1421
304,7
304,6
304,5
304,4
304,3
304,2
304,1
4294967294,477
300,6
300,5
300,4
300,3
300,2
300,1
4294967279,391
297,7
297,6
297,5
297,4
297,3
297,2
297,1
4294967278,335
293,6
293,5
293,4
293,3
293,2
293,1
4294967278,334
4294967279,420
290,6
290,5
290,4
290,3
290,2
290,1
287,4
287,3
287,2
287,1
4294967294,475
4294967279,389
284,7
284,6
284,5
284,4
284,3
284,2
284,1
4294967279,393
280,5
280,4
280,3
280,2
280,1
279,5
279,4
279,3
279,2
279,1
4294967294,437
278,5
278,4
278,3
278,2
278,1
277,4
277,3
277,2
277,1
276,5
276,4
276,3
276,2
276,1
275,5
275,4
275,3
275,2
275,1
273,5
273,4
273,3
273,2
273,1
271,5
271,4
271,3
271,2
271,1
269,5
269,4
269,3
269,2
269,1
4294967279,388
268,5
268,4
268,3
268,2
268,1
267,4
267,3
267,2
267,1
4294967279,419
4294967279,418
4294967279,417
4294967279,415
4294967279,409
4294967293,131
4294967293,130
4294967293,129
4294967293,128
4294967293,127
4294967293,126
4294967293,125
4294967293,124
4294967293,123
4294967293,122
4294967293,121
4294967293,120
4294967293,119
4294967293,118
4294967293,117
